255 255 255 255 225 253 144  82  76 143 208 222 255 255 255 255
255 255 255 192 186 255 255 255 255 255 150  35 144 255 255 255
255 255  50 248 255 255 255 255 255 255 255 163   4  47 255 255
255 192 248 255 255 255 255 128 126 255 255 175   0   3 142 255
225 186 255 255 255 255 255  48  48 255 255 175   0   0  35 222
253 255 255 255 255 255 255 255 255 255 255 168   0   0   0 204
144 255 255 255 255 255 255 255 255 255 252  33   0   0   0  92
 82 255 255 255 255 255 255 255 255 144  47   0   0   0   0   0
 82 255 255 255 255 208 112   0   0   0   0   0   0   0   0   0
143 255 255 255 226   3   0   0   0   0   0   0   0   0   0  91
253 255 255 255  87   0   0   0   0   0   0   0   0   0   0 204
225 186 255 255  80   0   0 207 207   0   0   0   0   0  35 222
255 190 248 255  80   0   0 132 133   0   0   0   0   3 140 255
255 255  48 248  92   0   0   0   0   0   0   0   3  45 255 255
255 255 255 188 189 105   0   0   0   0   0  35 140 255 255 255
255 255 255 255 227 249  92   7   0  91 204 222 255 255 255 255
255 255 255 255 225 253 144  82  76 143 208 222 255 255 255 255
255 255 255 192 186 255 255 255 255 255 150  35 144 255 255 255
255 255  50 248 255 255 255 255 255 255 255 163   4  47 255 255
255 192 248 255 255 255 255 128 126 255 255 175   0   3 142 255
225 186 255 255 255 255 255  48  48 255 255 175   0   0  35 222
253 255 255 255 255 255 255 255 255 255 255 168   0   0   0 204
144 255 255 255 255 255 255 255 255 255 252  33   0   0   0  92
 82 255 255 255 255 255 255 255 255 144  47   0   0   0   0   0
 82 255 255 255 255 208 112   0   0   0   0   0   0   0   0   0
143 255 255 255 226   3   0   0   0   0   0   0   0   0   0  91
253 255 255 255  87   0   0   0   0   0   0   0   0   0   0 204
225 186 255 255  80   0   0 207 207   0   0   0   0   0  35 222
255 190 248 255  80   0   0 132 133   0   0   0   0   3 140 255
255 255  48 248  92   0   0   0   0   0   0   0   3  45 255 255
255 255 255 188 189 105   0   0   0   0   0  35 140 255 255 255
255 255 255 255 227 249  92   7   0  91 204 222 255 255 255 255
255 255 255 255 225 253 144  82  76 143 208 222 255 255 255 255
255 255 255 192 186 255 255 255 255 255 150  35 144 255 255 255
255 255  50 248 255 255 255 255 255 255 255 163   4  47 255 255
255 192 248 255 255 255 255 128 126 255 255 175   0   3 142 255
225 186 255 255 255 255 255  48  48 255 255 175   0   0  35 222
253 255 255 255 255 255 255 255 255 255 255 168   0   0   0 204
144 255 255 255 255 255 255 255 255 255 252  33   0   0   0  92
 82 255 255 255 255 255 255 255 255 144  47   0   0   0   0   0
 82 255 255 255 255 208 112   0   0   0   0   0   0   0   0   0
143 255 255 255 226   3   0   0   0   0   0   0   0   0   0  91
253 255 255 255  87   0   0   0   0   0   0   0   0   0   0 204
225 186 255 255  80   0   0 207 207   0   0   0   0   0  35 222
255 190 248 255  80   0   0 132 133   0   0   0   0   3 140 255
255 255  48 248  92   0   0   0   0   0   0   0   3  45 255 255
255 255 255 188 189 105   0   0   0   0   0  35 140 255 255 255
255 255 255 255 227 249  92   7   0  91 204 222 255 255 255 255

255 255 255 247 212 142  75  39  39  75 142 212 247 255 255 255
255 255 235 131  42   6   2   1   1   2   6  42 131 235 255 255
255 235  91  14   1   0   0   0   0   0   0   1  14  91 235 255
247 131  21  25  27  12   2   0   0   0   0   0   0  14 131 247
213  78 125 171 176 143  61   5   0   0   0   0   0   1  42 212
163 167 245 255 255 252 192  61   0   0   0   0   0   0   6 142
161 240 255 229 222 249 247 147  16   0   6  32  26   0   2  75
188 252 255 119  93 218 255 192  43   0  37 161 135   0   1  39
197 253 255 119  93 218 255 211  62   0  37 161 135   0   2  48
198 253 255 229 222 249 255 238 107   8   6  32  26   0  15 112
207 244 255 255 255 255 255 255 193  61   3   0   0   9  83 187
235 223 253 255 255 255 255 255 249 192 110  78  84 128 187 234
250 216 240 254 255 255 255 255 255 253 242 227 229 232 216 250
255 239 206 240 253 255 255 255 255 255 255 253 240 206 239 255
255 255 239 217 223 245 253 253 253 253 245 223 216 239 255 255
255 255 255 250 235 207 198 198 198 198 207 235 250 255 255 255
255 255 255 247 212 142  75  39  39  75 142 212 247 255 255 255
255 255 235 131  42   6   2   1   1   2   6  42 131 235 255 255
255 235  91  14   1   0   0   0   0   0   0   1  14  91 235 255
247 131  21  25  27  12   2   0   0   0   0   0   0  14 131 247
213  78 125 171 176 143  61   5   0   0   0   0   0   1  42 212
163 167 245 255 255 252 192  61   0   0   0   0   0   0   6 142
161 240 255 229 222 249 247 147  16   0   6  32  26   0   2  75
188 252 255 119  93 218 255 192  43   0  37 161 135   0   1  39
197 253 255 119  93 218 255 211  62   0  37 161 135   0   2  48
198 253 255 229 222 249 255 238 107   8   6  32  26   0  15 112
207 244 255 255 255 255 255 255 193  61   3   0   0   9  83 187
235 223 253 255 255 255 255 255 249 192 110  78  84 128 187 234
250 216 240 254 255 255 255 255 255 253 242 227 229 232 216 250
255 239 206 240 253 255 255 255 255 255 255 253 240 206 239 255
255 255 239 217 223 245 253 253 253 253 245 223 216 239 255 255
255 255 255 250 235 207 198 198 198 198 207 235 250 255 255 255
255 255 255 247 212 142  75  39  39  75 142 212 247 255 255 255
255 255 235 131  42   6   2   1   1   2   6  42 131 235 255 255
255 235  91  14   1   0   0   0   0   0   0   1  14  91 235 255
247 131  21  25  27  12   2   0   0   0   0   0   0  14 131 247
213  78 125 171 176 143  61   5   0   0   0   0   0   1  42 212
163 167 245 255 255 252 192  61   0   0   0   0   0   0   6 142
161 240 255 229 222 249 247 147  16   0   6  32  26   0   2  75
188 252 255 119  93 218 255 192  43   0  37 161 135   0   1  39
197 253 255 119  93 218 255 211  62   0  37 161 135   0   2  48
198 253 255 229 222 249 255 238 107   8   6  32  26   0  15 112
207 244 255 255 255 255 255 255 193  61   3   0   0   9  83 187
235 223 253 255 255 255 255 255 249 192 110  78  84 128 187 234
250 216 240 254 255 255 255 255 255 253 242 227 229 232 216 250
255 239 206 240 253 255 255 255 255 255 255 253 240 206 239 255
255 255 239 217 223 245 253 253 253 253 245 223 216 239 255 255
255 255 255 250 235 207 198 198 198 198 207 235 250 255 255 255

255 255 255 247 212 142  75  39  48 112 187 234 250 255 255 255
255 255 235 131  42   6   2   1   2  15  83 187 216 239 255 255
255 235  91  14   1   0   0   0   0   0   9 128 232 206 239 255
247 131  14   0   0   0  26 135 135  26   0  84 229 240 216 250
212  42   1   0   0   0  32 161 161  32   0  78 227 253 223 235
142   6   0   0   0   0   6  37  37   6   3 110 242 255 245 207
 75   2   0   0   0   0   0   0   0   8  61 192 253 255 253 198
 39   1   0   0   0   0  16  43  62 107 193 249 255 255 253 198
 39   1   0   0   5  61 147 192 211 238 255 255 255 255 253 198
 75   2   0   2  61 192 247 255 255 255 255 255 255 255 253 198
142   6   0  12 143 252 249 218 218 249 255 255 255 255 245 207
212  42   1  27 176 255 222  93  93 222 255 255 255 253 223 235
247 131  14  25 171 255 229 119 119 229 255 255 254 240 217 250
255 235  91  21 125 245 255 255 255 255 255 253 240 206 239 255
255 255 235 131  78 167 240 252 253 253 244 223 216 239 255 255
255 255 255 247 213 163 161 188 197 198 207 235 250 255 255 255
255 255 255 247 212 142  75  39  48 112 187 234 250 255 255 255
255 255 235 131  42   6   2   1   2  15  83 187 216 239 255 255
255 235  91  14   1   0   0   0   0   0   9 128 232 206 239 255
247 131  14   0   0   0  26 135 135  26   0  84 229 240 216 250
212  42   1   0   0   0  32 161 161  32   0  78 227 253 223 235
142   6   0   0   0   0   6  37  37   6   3 110 242 255 245 207
 75   2   0   0   0   0   0   0   0   8  61 192 253 255 253 198
 39   1   0   0   0   0  16  43  62 107 193 249 255 255 253 198
 39   1   0   0   5  61 147 192 211 238 255 255 255 255 253 198
 75   2   0   2  61 192 247 255 255 255 255 255 255 255 253 198
142   6   0  12 143 252 249 218 218 249 255 255 255 255 245 207
212  42   1  27 176 255 222  93  93 222 255 255 255 253 223 235
247 131  14  25 171 255 229 119 119 229 255 255 254 240 217 250
255 235  91  21 125 245 255 255 255 255 255 253 240 206 239 255
255 255 235 131  78 167 240 252 253 253 244 223 216 239 255 255
255 255 255 247 213 163 161 188 197 198 207 235 250 255 255 255
255 255 255 247 212 142  75  39  48 112 187 234 250 255 255 255
255 255 235 131  42   6   2   1   2  15  83 187 216 239 255 255
255 235  91  14   1   0   0   0   0   0   9 128 232 206 239 255
247 131  14   0   0   0  26 135 135  26   0  84 229 240 216 250
212  42   1   0   0   0  32 161 161  32   0  78 227 253 223 235
142   6   0   0   0   0   6  37  37   6   3 110 242 255 245 207
 75   2   0   0   0   0   0   0   0   8  61 192 253 255 253 198
 39   1   0   0   0   0  16  43  62 107 193 249 255 255 253 198
 39   1   0   0   5  61 147 192 211 238 255 255 255 255 253 198
 75   2   0   2  61 192 247 255 255 255 255 255 255 255 253 198
142   6   0  12 143 252 249 218 218 249 255 255 255 255 245 207
212  42   1  27 176 255 222  93  93 222 255 255 255 253 223 235
247 131  14  25 171 255 229 119 119 229 255 255 254 240 217 250
255 235  91  21 125 245 255 255 255 255 255 253 240 206 239 255
255 255 235 131  78 167 240 252 253 253 244 223 216 239 255 255
255 255 255 247 213 163 161 188 197 198 207 235 250 255 255 255

255 255 255 250 235 207 198 198 198 198 207 235 250 255 255 255
255 255 239 216 223 245 253 253 253 253 245 223 217 239 255 255
255 239 206 240 253 255 255 255 255 255 255 253 240 206 239 255
250 216 232 229 227 242 253 255 255 255 255 255 254 240 216 250
234 187 128  84  78 110 192 249 255 255 255 255 255 253 223 235
187  83   9   0   0   3  61 193 255 255 255 255 255 255 244 207
112  15   0  26  32   6   8 107 238 255 249 222 229 255 253 198
 48   2   0 135 161  37   0  62 211 255 218  93 119 255 253 197
 39   1   0 135 161  37   0  43 192 255 218  93 119 255 252 188
 75   2   0  26  32   6   0  16 147 247 249 222 229 255 240 161
142   6   0   0   0   0   0   0  61 192 252 255 255 245 167 163
212  42   1   0   0   0   0   0   5  61 143 176 171 125  78 213
247 131  14   0   0   0   0   0   0   2  12  27  25  21 131 247
255 235  91  14   1   0   0   0   0   0   0   1  14  91 235 255
255 255 235 131  42   6   2   1   1   2   6  42 131 235 255 255
255 255 255 247 212 142  75  39  39  75 142 212 247 255 255 255
255 255 255 250 235 207 198 198 198 198 207 235 250 255 255 255
255 255 239 216 223 245 253 253 253 253 245 223 217 239 255 255
255 239 206 240 253 255 255 255 255 255 255 253 240 206 239 255
250 216 232 229 227 242 253 255 255 255 255 255 254 240 216 250
234 187 128  84  78 110 192 249 255 255 255 255 255 253 223 235
187  83   9   0   0   3  61 193 255 255 255 255 255 255 244 207
112  15   0  26  32   6   8 107 238 255 249 222 229 255 253 198
 48   2   0 135 161  37   0  62 211 255 218  93 119 255 253 197
 39   1   0 135 161  37   0  43 192 255 218  93 119 255 252 188
 75   2   0  26  32   6   0  16 147 247 249 222 229 255 240 161
142   6   0   0   0   0   0   0  61 192 252 255 255 245 167 163
212  42   1   0   0   0   0   0   5  61 143 176 171 125  78 213
247 131  14   0   0   0   0   0   0   2  12  27  25  21 131 247
255 235  91  14   1   0   0   0   0   0   0   1  14  91 235 255
255 255 235 131  42   6   2   1   1   2   6  42 131 235 255 255
255 255 255 247 212 142  75  39  39  75 142 212 247 255 255 255
255 255 255 250 235 207 198 198 198 198 207 235 250 255 255 255
255 255 239 216 223 245 253 253 253 253 245 223 217 239 255 255
255 239 206 240 253 255 255 255 255 255 255 253 240 206 239 255
250 216 232 229 227 242 253 255 255 255 255 255 254 240 216 250
234 187 128  84  78 110 192 249 255 255 255 255 255 253 223 235
187  83   9   0   0   3  61 193 255 255 255 255 255 255 244 207
112  15   0  26  32   6   8 107 238 255 249 222 229 255 253 198
 48   2   0 135 161  37   0  62 211 255 218  93 119 255 253 197
 39   1   0 135 161  37   0  43 192 255 218  93 119 255 252 188
 75   2   0  26  32   6   0  16 147 247 249 222 229 255 240 161
142   6   0   0   0   0   0   0  61 192 252 255 255 245 167 163
212  42   1   0   0   0   0   0   5  61 143 176 171 125  78 213
247 131  14   0   0   0   0   0   0   2  12  27  25  21 131 247
255 235  91  14   1   0   0   0   0   0   0   1  14  91 235 255
255 255 235 131  42   6   2   1   1   2   6  42 131 235 255 255
255 255 255 247 212 142  75  39  39  75 142 212 247 255 255 255
